{
 "cells": [
  {
   "cell_type": "markdown",
   "metadata": {},
   "source": [
    "# **Sesi칩n 2:** Calibraci칩n de C치mara 游닝丘뙖잺"
   ]
  },
  {
   "cell_type": "markdown",
   "metadata": {},
   "source": [
    "## 0. Preparaci칩n"
   ]
  },
  {
   "cell_type": "code",
<<<<<<< HEAD
   "execution_count": 63,
=======
   "execution_count": 4,
>>>>>>> cce84a4c4d09269b5abf67c5f76a323f8c4b1d4d
   "metadata": {},
   "outputs": [
    {
     "name": "stdout",
     "output_type": "stream",
     "text": [
      "OpenCV should be 4.8.0.76 Current version: 4.8.0\n"
     ]
    }
   ],
   "source": [
    "import cv2\n",
    "print(\"OpenCV should be 4.8.0.76 Current version:\", cv2.__version__)\n",
    "from typing import List\n",
    "import numpy as np\n",
    "import imageio.v2 as imageio\n",
    "import cv2\n",
    "import copy\n",
    "import glob\n",
    "import os"
   ]
  },
  {
   "cell_type": "markdown",
   "metadata": {},
   "source": [
    "## **Apartado A: Calibraci칩n de c치mara** (derecha e izquierda)"
   ]
  },
  {
   "cell_type": "markdown",
   "metadata": {},
   "source": [
    "En este apartado se realiza la calibraci칩n de dos c치maras de un sistema estereosc칩pico. Para ello se trabajar치 con las im치genes de las carpetas ``left`` y ``right``. En primer lugar se trabajar치 con la carpeta ``left``. Posteriormente, deber치 repetir el proceso con las im치genes en la carpeta ``right``. Ambas carpetas contienen im치genes con las que se calibrar치n las c치maras. En ellas aparece el patr칩n de calibraci칩n en diferentes posiciones y orientaciones. Estas im치genes ser치n los datos de entrada.\n",
    "\n",
    "Los pasos que deber치 seguir para calibrar una c치mara son:\n",
    "\n",
    "1. Defina y ejecute el m칠todo para cargar im치genes ``load_images()``.\n",
    "2. Detecte las esquinas de los patrones usando ``cv2.findChessboardCorners()``. Refine las detecciones con ``cv2.cornerSubPix()``.\n",
    "3. Compruebe que las detecciones son correctas dibujando los resultados con ``cv2.drawChessboardCorners()``.\n",
    "4. Defina y ejecute el m칠todo ``get_chessboard_points(chessboard_shape, dx, dy)`` que proporcione las coordenadas 3D de las esquinas del patr칩n. El sistema de referencia utilizado deber치 estar anclado al propio patr칩n.\n",
    "5. Utilice ``cv2.calibrateCamera`` para obtener los par치metros de calibraci칩n para la c치mara izquierda."
   ]
  },
  {
   "cell_type": "markdown",
   "metadata": {},
   "source": [
    "### **Tarea A.1:** Defina y ejecute el m칠todo para cargar im치genes ``load_images()``."
   ]
  },
  {
   "cell_type": "code",
<<<<<<< HEAD
   "execution_count": 64,
=======
   "execution_count": 5,
>>>>>>> cce84a4c4d09269b5abf67c5f76a323f8c4b1d4d
   "metadata": {},
   "outputs": [],
   "source": [
    "def load_images(filenames: List[str]) -> List[np.ndarray]:\n",
    "    return [imageio.imread(filename) for filename in filenames]\n",
    "\n",
    "# TODO Build a list containing the paths of all images from the left camera\n",
    "imgs_path = []\n",
    "\n",
    "for i in range(19):\n",
    "    if i < 10:\n",
    "        nombre = f\"left_00{i}.jpg\"\n",
    "    else:\n",
    "        nombre = f\"left_0{i}.jpg\"\n",
    "\n",
    "    path = f\"..\\data\\left\\{nombre}\"\n",
    "    imgs_path.append(path)\n",
    "\n",
    "imgs = load_images(imgs_path)"
   ]
  },
  {
   "cell_type": "markdown",
   "metadata": {},
   "source": [
    "### **Tarea A.2:** Detecte las esquinas de los patrones usando ``cv2.findChessboardCorners()``. Refine las detecciones con ``cv2.cornerSubPix()``."
   ]
  },
  {
   "cell_type": "code",
<<<<<<< HEAD
   "execution_count": 65,
=======
   "execution_count": 6,
>>>>>>> cce84a4c4d09269b5abf67c5f76a323f8c4b1d4d
   "metadata": {},
   "outputs": [],
   "source": [
    "# TODO Find corners with cv2.findChessboardCorners()\n",
    "\n",
    "# Hemos comprobado que el patr칩n est치 formado por 8 filas y 6 columnas de esquinas\n",
    "size = (8, 6)\n",
    "\n",
    "# Pasamos las im치genes a escala de grises para poder usar la funci칩n cv2.cornerSubPix()\n",
    "imgs_gray = [cv2.cvtColor(img, cv2.COLOR_RGB2GRAY) for img in imgs]\n",
    "\n",
    "# Buscamos el patr칩n de calibraci칩n en cada imagen en escala de grises\n",
    "corners = [cv2.findChessboardCorners(img, size) for img in imgs_gray]\n",
    "\n",
    "corners_copy = copy.deepcopy(corners)\n",
    "criteria = (cv2.TERM_CRITERIA_EPS + cv2.TERM_CRITERIA_MAX_ITER, 30, 0.01)\n",
    "\n",
    "# TODO To refine corner detections with cv2.cornerSubPix() you need to input grayscale images. Build a list containing grayscale images.\n",
    "corners_refined = [cv2.cornerSubPix(i, cor[1], (8, 6), (-1, -1), criteria) if cor[0] else None \n",
    "                   for i, cor in zip(imgs_gray, corners_copy)]"
   ]
  },
  {
   "cell_type": "markdown",
   "metadata": {},
   "source": [
    "### **Tarea A.3:** Compruebe que las detecciones son correctas dibujando los resultados con ``cv2.drawChessboardCorners()``"
   ]
  },
  {
   "cell_type": "code",
<<<<<<< HEAD
   "execution_count": 66,
=======
   "execution_count": 7,
>>>>>>> cce84a4c4d09269b5abf67c5f76a323f8c4b1d4d
   "metadata": {},
   "outputs": [],
   "source": [
    "# Hacemos una copia para no perder las im치genes originales con la funci칩n cv2.drawChessboardCorners()\n",
    "imgs_copy = copy.deepcopy(imgs)\n",
    "\n",
    "# TODO Use cv2.drawChessboardCorners() to draw the cornes\n",
    "drawed_corners = [cv2.drawChessboardCorners(img, size, corner, True) for img, corner in zip(imgs_copy, corners_refined) if corner is not None]\n",
    "\n",
    "# TODO Show images and save when needed\n",
    "def show_image(img, img_name = \"imagen\"):\n",
    "    cv2.imshow(img_name, img)\n",
    "    cv2.waitKey(0)\n",
    "    cv2.destroyAllWindows()\n",
    "    \n",
    "def write_image(img, output_folder, i):\n",
    "    os.makedirs(output_folder, exist_ok=True) \n",
    "    img_name = f\"{output_folder}/corners_{i}.jpg\"\n",
    "    cv2.imwrite(img_name, img)\n",
    "\n",
    "output_folder = \"../data/output_left_corners\"\n",
    "os.makedirs(output_folder, exist_ok=True)\n",
    "for i, img in enumerate(drawed_corners):\n",
    "    show_image(img)\n",
    "    write_image(img, output_folder, i)"
   ]
  },
  {
   "cell_type": "markdown",
   "metadata": {},
   "source": [
    "### **Tarea A.4:** Defina y ejecute el m칠todo ``get_chessboard_points(chessboard_shape, dx, dy)``"
   ]
  },
  {
   "cell_type": "code",
<<<<<<< HEAD
   "execution_count": 67,
=======
   "execution_count": 8,
>>>>>>> cce84a4c4d09269b5abf67c5f76a323f8c4b1d4d
   "metadata": {},
   "outputs": [],
   "source": [
    "# TODO Design the method. It should return a np.array with np.float32 elements\n",
    "def get_chessboard_points(chessboard_shape, dx, dy):\n",
    "    cols, rows = chessboard_shape\n",
    "    matrix = [(i*dx, j*dy, 0) for j in range(rows) for i in range(cols)]\n",
    "    return np.array(matrix, np.float32)\n",
    "\n",
    "# TODO You need the points for every image, not just one (consider a list comprehension)\n",
    "chessboard_points = [get_chessboard_points((8, 6), 30, 30) for _ in range(len(imgs_gray))]\n"
   ]
  },
  {
   "cell_type": "markdown",
   "metadata": {},
   "source": [
    "### **Tarea A.5:** Utilice ``cv2.calibrateCamera()`` para obtener los par치metros de calibraci칩n para la c치mara izquierda"
   ]
  },
  {
   "cell_type": "code",
<<<<<<< HEAD
   "execution_count": 68,
=======
   "execution_count": 9,
>>>>>>> cce84a4c4d09269b5abf67c5f76a323f8c4b1d4d
   "metadata": {},
   "outputs": [
    {
     "name": "stdout",
     "output_type": "stream",
     "text": [
      "Intrinsics:\n",
      " [[417.77315866   0.         156.33829983]\n",
      " [  0.         421.35480199 134.32880063]\n",
      " [  0.           0.           1.        ]]\n",
      "Distortion coefficients:\n",
      " [[-2.13049815e-01  2.86830664e+00  5.90990527e-03 -3.86453734e-03\n",
      "  -2.23696363e+01]]\n",
      "Root mean squared reprojection error:\n",
      " 0.1846287136881559\n",
      "Extrinsics:\n",
      " [array([[ 7.14810441e-01,  6.18321143e-01, -3.26687920e-01,\n",
      "        -3.08750936e+01],\n",
      "       [-1.82439734e-01,  6.15857353e-01,  7.66443387e-01,\n",
      "        -3.73702013e+01],\n",
      "       [ 6.75101309e-01, -4.88260878e-01,  5.53027611e-01,\n",
      "         5.18490853e+02]]), array([[ 7.19016600e-01,  6.02026625e-01, -3.47244973e-01,\n",
      "        -5.72888930e+01],\n",
      "       [-1.91372353e-01,  6.51826460e-01,  7.33824835e-01,\n",
      "        -4.64598332e+01],\n",
      "       [ 6.68125550e-01, -4.61179151e-01,  5.83885297e-01,\n",
      "         5.07766905e+02]]), array([[ 7.28774287e-01,  5.83716857e-01, -3.57998142e-01,\n",
      "        -6.83872714e+01],\n",
      "       [-2.03244636e-01,  6.83645704e-01,  7.00942344e-01,\n",
      "        -6.21189882e+01],\n",
      "       [ 6.53895753e-01, -4.38067555e-01,  6.16860730e-01,\n",
      "         4.99930361e+02]]), array([[ 7.50729498e-01,  5.58915527e-01, -3.52162823e-01,\n",
      "        -6.23676661e+01],\n",
      "       [-2.08284842e-01,  7.06158756e-01,  6.76725377e-01,\n",
      "        -7.35679806e+01],\n",
      "       [ 6.26915182e-01, -4.34687525e-01,  6.46547841e-01,\n",
      "         4.99249843e+02]]), array([[ 7.65165904e-01,  5.42945531e-01, -3.46022095e-01,\n",
      "        -6.06417705e+01],\n",
      "       [-2.04776156e-01,  7.14763806e-01,  6.68714757e-01,\n",
      "        -7.83896149e+01],\n",
      "       [ 6.10399759e-01, -4.40820657e-01,  6.58095193e-01,\n",
      "         5.05675640e+02]]), array([[ 7.78990248e-01,  5.20827764e-01, -3.49159898e-01,\n",
      "        -6.72591011e+01],\n",
      "       [-2.01165775e-01,  7.34991907e-01,  6.47548630e-01,\n",
      "        -7.94950495e+01],\n",
      "       [ 5.93891004e-01, -4.34195046e-01,  6.77324248e-01,\n",
      "         5.13888026e+02]]), array([[ 8.02271509e-01,  4.72707976e-01, -3.64564940e-01,\n",
      "        -7.47318673e+01],\n",
      "       [-1.81736502e-01,  7.75119278e-01,  6.05113171e-01,\n",
      "        -8.28160998e+01],\n",
      "       [ 5.68623135e-01, -4.19210300e-01,  7.07764406e-01,\n",
      "         5.09575620e+02]]), array([[ 8.21399072e-01,  4.37145934e-01, -3.66342731e-01,\n",
      "        -7.11878730e+01],\n",
      "       [-1.74911749e-01,  8.04426488e-01,  5.67718157e-01,\n",
      "        -9.98839959e+01],\n",
      "       [ 5.42871481e-01, -4.02245520e-01,  7.37217130e-01,\n",
      "         5.11300620e+02]]), array([[ 8.20439748e-01,  4.18933768e-01, -3.89066984e-01,\n",
      "        -8.76874676e+01],\n",
      "       [-1.65250422e-01,  8.25219225e-01,  5.40097703e-01,\n",
      "        -1.03068837e+02],\n",
      "       [ 5.47330721e-01, -3.78824140e-01,  7.46271635e-01,\n",
      "         5.13105210e+02]]), array([[ 8.26156989e-01,  4.04618424e-01, -3.92107843e-01,\n",
      "        -1.01754058e+02],\n",
      "       [-1.64910231e-01,  8.39087030e-01,  5.18399046e-01,\n",
      "        -1.07587694e+02],\n",
      "       [ 5.38766411e-01, -3.63616400e-01,  7.59943332e-01,\n",
      "         5.19208767e+02]]), array([[ 8.47125481e-01,  3.95791062e-01, -3.54581239e-01,\n",
      "        -9.65449518e+01],\n",
      "       [-1.80362911e-01,  8.41811888e-01,  5.08745482e-01,\n",
      "        -9.56956242e+01],\n",
      "       [ 4.99847617e-01, -3.67017957e-01,  7.84506328e-01,\n",
      "         5.35416747e+02]]), array([[ 8.67804673e-01,  3.52979899e-01, -3.49743106e-01,\n",
      "        -1.03704860e+02],\n",
      "       [-1.61241730e-01,  8.65789474e-01,  4.73719000e-01,\n",
      "        -8.47127503e+01],\n",
      "       [ 4.70017184e-01, -3.54702378e-01,  8.08251241e-01,\n",
      "         5.64220058e+02]]), array([[ 8.76514013e-01,  3.45670395e-01, -3.35015169e-01,\n",
      "        -1.15969249e+02],\n",
      "       [-1.67754371e-01,  8.71669242e-01,  4.60490177e-01,\n",
      "        -7.37098592e+01],\n",
      "       [ 4.51200240e-01, -3.47425834e-01,  8.22018025e-01,\n",
      "         5.81270278e+02]]), array([[ 8.85491154e-01,  3.20925585e-01, -3.36024084e-01,\n",
      "        -1.34183939e+02],\n",
      "       [-1.59585972e-01,  8.89226205e-01,  4.28729605e-01,\n",
      "        -7.41096182e+01],\n",
      "       [ 4.36391720e-01, -3.26011543e-01,  8.38617160e-01,\n",
      "         5.89095772e+02]]), array([[ 9.09858466e-01,  2.66008130e-01, -3.18429344e-01,\n",
      "        -1.43177633e+02],\n",
      "       [-1.42018127e-01,  9.20752397e-01,  3.63381171e-01,\n",
      "        -1.00462530e+02],\n",
      "       [ 3.89856927e-01, -2.85402696e-01,  8.75532339e-01,\n",
      "         5.92235840e+02]]), array([[ 9.32428108e-01,  2.36906376e-01, -2.72861125e-01,\n",
      "        -1.10947219e+02],\n",
      "       [-1.41382704e-01,  9.34085407e-01,  3.27864886e-01,\n",
      "        -1.12089155e+02],\n",
      "       [ 3.32548876e-01, -2.67132592e-01,  9.04461952e-01,\n",
      "         5.99266333e+02]]), array([[ 9.44119027e-01,  2.31430871e-01, -2.34689189e-01,\n",
      "        -1.02062349e+02],\n",
      "       [-1.48680424e-01,  9.34504699e-01,  3.23411656e-01,\n",
      "        -1.02590765e+02],\n",
      "       [ 2.94165591e-01, -2.70445410e-01,  9.16692907e-01,\n",
      "         6.13549207e+02]]), array([[ 9.51281538e-01,  2.31086231e-01, -2.04114157e-01,\n",
      "        -8.57766677e+01],\n",
      "       [-1.55273362e-01,  9.30994934e-01,  3.30361342e-01,\n",
      "        -9.40113270e+01],\n",
      "       [ 2.66371203e-01, -2.82573154e-01,  9.21519829e-01,\n",
      "         6.28421204e+02]]), array([[ 9.55844315e-01,  2.28000826e-01, -1.85411080e-01,\n",
      "        -7.62382630e+01],\n",
      "       [-1.58575500e-01,  9.31349101e-01,  3.27784477e-01,\n",
      "        -9.68974333e+01],\n",
      "       [ 2.47417574e-01, -2.83909274e-01,  9.26380089e-01,\n",
      "         6.35712344e+02]])]\n"
     ]
    }
   ],
   "source": [
    "# Filter data and get only those with adequate detections\n",
    "valid_corners = [cor[1] for cor in corners if cor[0]]\n",
    "# Convert list to numpy array\n",
    "valid_corners = np.asarray(valid_corners, dtype=np.float32)\n",
    "\n",
    "# TODO\n",
    "img_size = (np.array(imgs_gray)[0].shape[1], np.array(imgs_gray)[0].shape[0])\n",
    "rms, intrinsics, dist_coeffs, rvecs, tvecs = cv2.calibrateCamera(chessboard_points, valid_corners, img_size, None, None)\n",
    "# Obtain extrinsics\n",
    "extrinsics = list(map(lambda rvec, tvec: np.hstack((cv2.Rodrigues(rvec)[0], tvec)), rvecs, tvecs))\n",
    "\n",
    "# Print outputs\n",
    "print(\"Intrinsics:\\n\", intrinsics)\n",
    "print(\"Distortion coefficients:\\n\", dist_coeffs)\n",
    "print(\"Root mean squared reprojection error:\\n\", rms)\n",
    "print(\"Extrinsics:\\n\", extrinsics)"
   ]
  },
  {
   "cell_type": "markdown",
   "metadata": {},
   "source": [
    "### **Pregunta A.1:** Repita el proceso (carga de im치genes, detecci칩n y comprobaci칩n de esquinas, etc.) para la c치mara derecha."
   ]
  },
  {
   "cell_type": "code",
<<<<<<< HEAD
   "execution_count": null,
=======
   "execution_count": 10,
>>>>>>> cce84a4c4d09269b5abf67c5f76a323f8c4b1d4d
   "metadata": {},
   "outputs": [
    {
     "name": "stdout",
     "output_type": "stream",
     "text": [
      "17 17\n",
      "Intrinsics:\n",
      " [[431.11974701   0.         143.80060613]\n",
      " [  0.         431.81832564 135.91696325]\n",
      " [  0.           0.           1.        ]]\n",
      "Distortion coefficients:\n",
      " [[-0.11858684  0.00164086  0.00744943 -0.00649521  0.17890046]]\n",
      "Root mean squared reprojection error:\n",
      " 0.14569098303833106\n",
      "Extrinsics:\n",
      " [array([[ 7.18794566e-01,  6.11836355e-01, -3.30137314e-01,\n",
      "        -8.79978025e+01],\n",
      "       [-1.75226243e-01,  6.18972963e-01,  7.65616245e-01,\n",
      "        -3.47436595e+01],\n",
      "       [ 6.72777925e-01, -4.92472075e-01,  5.52124188e-01,\n",
      "         5.25578055e+02]]), array([[ 7.30987556e-01,  5.79483361e-01, -3.60355695e-01,\n",
      "        -1.25892650e+02],\n",
      "       [-1.95864673e-01,  6.84030487e-01,  7.02665869e-01,\n",
      "        -5.96394948e+01],\n",
      "       [ 6.53677461e-01, -4.43059056e-01,  6.13518093e-01,\n",
      "         5.06187400e+02]]), array([[ 7.52837521e-01,  5.53466664e-01, -3.56244745e-01,\n",
      "        -1.18966693e+02],\n",
      "       [-2.00115364e-01,  7.08078376e-01,  6.77184506e-01,\n",
      "        -7.03994607e+01],\n",
      "       [ 6.27048250e-01, -4.38519858e-01,  6.43825152e-01,\n",
      "         5.06648968e+02]]), array([[ 7.68409495e-01,  5.36227765e-01, -3.49294477e-01,\n",
      "        -1.17699026e+02],\n",
      "       [-1.98515274e-01,  7.18608971e-01,  6.66477931e-01,\n",
      "        -7.56948269e+01],\n",
      "       [ 6.08390116e-01, -4.42787681e-01,  6.58635359e-01,\n",
      "         5.13844346e+02]]), array([[ 7.82580174e-01,  5.14374269e-01, -3.50695570e-01,\n",
      "        -1.23667743e+02],\n",
      "       [-1.93250404e-01,  7.36208599e-01,  6.48576272e-01,\n",
      "        -7.69297995e+01],\n",
      "       [ 5.91796040e-01, -4.39790871e-01,  6.75545288e-01,\n",
      "         5.21883737e+02]]), array([[ 8.03450521e-01,  4.68649537e-01, -3.67198681e-01,\n",
      "        -1.31258131e+02],\n",
      "       [-1.74615797e-01,  7.75120554e-01,  6.07204620e-01,\n",
      "        -8.01574111e+01],\n",
      "       [ 5.69189409e-01, -4.23740178e-01,  7.04604625e-01,\n",
      "         5.16150445e+02]]), array([[ 8.25076212e-01,  4.27587533e-01, -3.69348272e-01,\n",
      "        -1.28248678e+02],\n",
      "       [-1.68100467e-01,  8.09851253e-01,  5.62034857e-01,\n",
      "        -9.81480529e+01],\n",
      "       [ 5.39436259e-01, -4.01633974e-01,  7.40066668e-01,\n",
      "         5.18742788e+02]]), array([[ 8.22507176e-01,  4.11982545e-01, -3.92112648e-01,\n",
      "        -1.44757499e+02],\n",
      "       [-1.58867711e-01,  8.28401077e-01,  5.37133788e-01,\n",
      "        -1.00684170e+02],\n",
      "       [ 5.46116285e-01, -3.79502356e-01,  7.46816554e-01,\n",
      "         5.20321159e+02]]), array([[ 8.27374548e-01,  3.97875206e-01, -3.96417304e-01,\n",
      "        -1.58880308e+02],\n",
      "       [-1.58528875e-01,  8.42543182e-01,  5.14771388e-01,\n",
      "        -1.05336218e+02],\n",
      "       [ 5.38813468e-01, -3.63065155e-01,  7.60173493e-01,\n",
      "         5.25191322e+02]]), array([[ 8.48315113e-01,  3.89023258e-01, -3.59196846e-01,\n",
      "        -1.52532856e+02],\n",
      "       [-1.73939022e-01,  8.45476758e-01,  5.04890353e-01,\n",
      "        -9.31130955e+01],\n",
      "       [ 5.00106675e-01, -3.65827769e-01,  7.84897036e-01,\n",
      "         5.42830763e+02]]), array([[ 8.69609198e-01,  3.46967101e-01, -3.51274358e-01,\n",
      "        -1.60220907e+02],\n",
      "       [-1.55738312e-01,  8.67892656e-01,  4.71707447e-01,\n",
      "        -8.15844757e+01],\n",
      "       [ 4.68535401e-01, -3.55494259e-01,  8.08763507e-01,\n",
      "         5.72936555e+02]]), array([[ 8.77288134e-01,  3.40533458e-01, -3.38234376e-01,\n",
      "        -1.71856572e+02],\n",
      "       [-1.61506722e-01,  8.73059673e-01,  4.60089541e-01,\n",
      "        -7.03569463e+01],\n",
      "       [ 4.51974676e-01, -3.49003970e-01,  8.20923335e-01,\n",
      "         5.89955076e+02]]), array([[ 8.87958523e-01,  3.11040806e-01, -3.38796809e-01,\n",
      "        -1.90363712e+02],\n",
      "       [-1.55271247e-01,  8.96123928e-01,  4.15755632e-01,\n",
      "        -7.06790879e+01],\n",
      "       [ 4.32920894e-01, -3.16568354e-01,  8.44016574e-01,\n",
      "         5.97436627e+02]]), array([[ 9.32910305e-01,  2.30897423e-01, -2.76341714e-01,\n",
      "        -1.66175763e+02],\n",
      "       [-1.36333922e-01,  9.36725032e-01,  3.22427165e-01,\n",
      "        -1.08326664e+02],\n",
      "       [ 3.33303803e-01, -2.63120875e-01,  9.05359586e-01,\n",
      "         6.07673108e+02]]), array([[ 9.45310427e-01,  2.23770212e-01, -2.37308005e-01,\n",
      "        -1.57468203e+02],\n",
      "       [-1.44151426e-01,  9.39262972e-01,  3.11456955e-01,\n",
      "        -9.88674879e+01],\n",
      "       [ 2.92589411e-01, -2.60215220e-01,  9.20151876e-01,\n",
      "         6.22522780e+02]]), array([[ 9.52199493e-01,  2.26941006e-01, -2.04484485e-01,\n",
      "        -1.40326955e+02],\n",
      "       [-1.51480431e-01,  9.32080127e-01,  3.29059746e-01,\n",
      "        -9.02867915e+01],\n",
      "       [ 2.65273074e-01, -2.82355125e-01,  9.21903346e-01,\n",
      "         6.38151386e+02]]), array([[ 9.54594037e-01,  2.26121669e-01, -1.93956734e-01,\n",
      "        -1.30088323e+02],\n",
      "       [-1.55553101e-01,  9.33587846e-01,  3.22826528e-01,\n",
      "        -9.33560923e+01],\n",
      "       [ 2.54073723e-01, -2.77997708e-01,  9.26371318e-01,\n",
      "         6.43822721e+02]])]\n"
     ]
    }
   ],
   "source": [
    "# TODO Homework\n",
    "# Hacemos lo mismo para la c치mara derecha\n",
    "\n",
    "# 1.Cargamos todas las im치genes de la c치mara derecha\n",
    "imgs_path = []\n",
    "\n",
    "for i in range(19):\n",
    "    if i < 10:\n",
    "        nombre = f\"right_00{i}.jpg\"\n",
    "    else:\n",
    "        nombre = f\"right_0{i}.jpg\"\n",
    "\n",
    "    path = f\"..\\data\\\\right\\{nombre}\"\n",
    "    imgs_path.append(path)\n",
    "\n",
    "imgs = load_images(imgs_path)\n",
    "\n",
    "# 2.Detectamos las esquinas del patr칩n y las refinamos\n",
    "\n",
    "# Hemos comprobado que el patr칩n est치 formado por 8 filas y 6 columnas de esquinas\n",
    "size = (8, 6)\n",
    "\n",
    "# Pasamos las im치genes a escala de grises para poder usar la funci칩n cv2.cornerSubPix()\n",
    "imgs_gray = [cv2.cvtColor(img, cv2.COLOR_RGB2GRAY) for img in imgs]\n",
    "\n",
    "# Buscamos el patr칩n de calibraci칩n en cada imagen en escala de grises\n",
    "corners = [cv2.findChessboardCorners(img, size) for img in imgs_gray]\n",
    "\n",
    "corners_copy = copy.deepcopy(corners)\n",
    "criteria = (cv2.TERM_CRITERIA_EPS + cv2.TERM_CRITERIA_MAX_ITER, 30, 0.01)\n",
    "\n",
    "# Refinamos la detecci칩n de las esquinas\n",
    "corners_refined = [cv2.cornerSubPix(i, cor[1], (8, 6), (-1, -1), criteria) if cor[0] else None for i, cor in zip(imgs_gray, corners_copy)]\n",
    "\n",
    "# 3.Comprobamos la detecci칩n de las esquinas mostrando las im치genes con los resultados \n",
    "\n",
    "# Hacemos una copia para no perder las im치genes originales con la funci칩n cv2.drawChessboardCorners()\n",
    "imgs_copy = copy.deepcopy(imgs)\n",
    "\n",
    "drawed_corners = [cv2.drawChessboardCorners(img, size, corner, True) for img, corner in zip(imgs_copy, corners_refined) if corner is not None]\n",
    "\n",
    "output_folder = \"../data/output_right_corners\"\n",
    "os.makedirs(output_folder, exist_ok=True)\n",
    "for i, img in enumerate(drawed_corners):\n",
    "    show_image(img)\n",
    "    write_image(img, output_folder, i)\n",
    "\n",
    "# 4. Obtenemos los puntos del tablero\n",
    "\n",
    "chessboard_points = [get_chessboard_points((8, 6), 30, 30) for _ in range(len(imgs_gray))]\n",
    "\n",
    "# 5. Obtenemos los par치metros de calibraci칩n de la c치mara derecha\n",
    "\n",
    "# Filtramos los datos para coger solo los que tienen detecciones adecuadas \n",
    "valid_objpoints = []\n",
    "valid_imgpoints = []\n",
    "\n",
    "for objp, cor in zip(chessboard_points, corners):\n",
    "    if cor[0]:  # Solo las que s칤 detectaron esquinas\n",
    "        valid_objpoints.append(objp)\n",
    "        valid_imgpoints.append(cor[1])\n",
    "\n",
    "# print(len(valid_objpoints), len(valid_imgpoints))  # Deben coincidir\n",
    "\n",
    "# Convert list to numpy array\n",
    "valid_imgpoints = np.asarray(valid_imgpoints, dtype=np.float32)\n",
    "\n",
    "# Tama침o de imagen\n",
    "img_size =   (np.array(imgs_gray)[0].shape[1], np.array(imgs_gray)[0].shape[0])\n",
    "\n",
    "rms, intrinsics, dist_coeffs, rvecs, tvecs = cv2.calibrateCamera(valid_objpoints, valid_imgpoints, img_size, None, None)\n",
    "\n",
    "# Obtain extrinsics\n",
    "extrinsics = list(map(lambda rvec, tvec: np.hstack((cv2.Rodrigues(rvec)[0], tvec)), rvecs, tvecs))\n",
    "\n",
    "# Print outputs\n",
    "print(\"Intrinsics:\\n\", intrinsics)\n",
    "print(\"Distortion coefficients:\\n\", dist_coeffs)\n",
    "print(\"Root mean squared reprojection error:\\n\", rms)\n",
    "print(\"Extrinsics:\\n\", extrinsics)\n"
   ]
  },
  {
   "cell_type": "markdown",
   "metadata": {},
   "source": [
    "### **Pregunta A.2:** Diferencias entre cv2.findChessboardCorners() y cv2.cornerSubPix()"
   ]
  },
  {
   "cell_type": "code",
<<<<<<< HEAD
   "execution_count": 70,
=======
   "execution_count": 11,
>>>>>>> cce84a4c4d09269b5abf67c5f76a323f8c4b1d4d
   "metadata": {},
   "outputs": [
    {
     "data": {
